1626485569226,13.4
1626485570234,14.0
1626485571236,14.4
1626485572227,14.9
1626485573232,15.4
1626485574223,15.6
1626485575231,16.0
1626485576233,16.2
1626485577234,16.4
1626485578226,16.7
1626485579233,16.8
1626485580224,17.0
1626485581226,17.1
1626485582231,17.2
1626485583222,17.2
1626485584229,17.3
1626485585221,17.5
1626485586228,17.5
1626485587231,17.6
1626485588233,17.6
1626485589224,17.8
1626485590226,17.8
1626485591227,17.8
1626485592232,17.8
1626485593224,17.9
1626485594225,17.9
1626485595230,17.8
1626485596221,17.8
1626485597227,17.9
1626485598232,17.9
1626485599223,17.5
98669585245.844482