1643822921300,9.1
1643822922305,9.2
1643822923307,9.1
1643822924299,9.1
1643822925304,9.1
1643822926306,9.4
1643822927298,9.6
1643822928305,9.8
1643822929296,10.1
1643822930301,10.3
1643822931306,10.5
1643822932297,10.6
1643822933304,10.8
1643822934296,10.8
1643822935303,10.8
1643822936295,10.9
1643822937302,11.0
1643822938305,11.1
1643822939297,11.1
1643822940304,11.1
1643822941297,11.1
1643822942304,11.1
1643822943295,11.1
1643822944303,11.2
1643822945305,11.2
1643822946296,11.1
1643822947303,11.2
1643822948295,11.1
1643822949300,11.1
1643822950304,11.1
1643822951305,11.1
1643822952297,11.2
1643822953304,11.2
1643822954297,11.2
1643822955304,11.2
1643822956295,11.2
1643822957303,11.2
1643822958305,11.1
1643822959297,11.2
1643822960304,11.3
1643822961296,11.3
1643822962299,11.4
1643822963299,11.3
1643822964299,11.3
1643822965299,11.2
1643822966299,11.2
1643822967299,11.1
1643822968300,11.1
1643822969306,11.1
1643822970297,11.0
1643822971298,11.1
1643822972299,11.1
1643822973298,11.1
1643822974301,11.1
1643822975304,11.1
1643822976295,11.1
1643822977301,11.1
1643822978304,11.1
1643822979296,11.1
1643822980304,11.1
1643822981295,11.1
1643822982300,11.1
1643822983305,11.1
1643822984296,11.1
1643822985303,11.1
1643822986305,11.1
1643822987297,11.2
1643822988304,11.2
1643822989295,11.2
1643822990303,11.2
1643822991305,11.2
1643822992296,11.2
1643822993304,11.2
1643822994296,11.2
1643822995301,11.2
1643822996305,11.2
1643822997296,11.2
1643822998303,11.2
1643822999295,11.2
1643823000299,11.2
1643823001304,11.2
1643823002295,11.2
1643823003302,11.2
1643823004294,11.1
1643823005299,11.1
1643823006304,11.2
1643823007295,11.2
1643823008302,11.2
1643823009294,11.2
1643823010301,11.2
1643823011293,11.2
1643823012300,11.1
1643823013291,11.2
1643823014297,11.2
1643823015302,11.2
1643823016293,11.2
1643823017301,11.1
1643823018291,11.2
1643823019298,11.1
1643823020300,11.2
1643823021291,11.2
1643823022298,11.2
1643823023290,11.2
1643823024297,11.2
1643823025289,11.2
1643823026296,11.2
1643823027300,11.2
1643823028291,11.2
1643823029298,11.2
1643823030291,11.2
1643823031295,11.2
1643823032294,11.3
1643823033294,11.3
1643823034295,11.4
1643823035296,11.4
1643823036288,11.4
1643823037295,11.5
1643823038299,11.6
1643823039301,11.6
1643823040292,11.6
1643823041299,11.5
1643823042300,11.4
1643823043292,11.5
1643823044297,11.4
1643823045299,11.4
1643823046291,11.4
1643823047298,11.3
1643823048290,11.4
1643823049297,11.3
1643823050297,11.3
1643823051289,11.3
1643823052296,11.3
1643823053298,11.3
1643823054290,11.3
1643823055297,11.3
1643823056289,11.2
1643823057296,11.3
1643823058287,11.2
1643823059295,11.2
1643823060287,11.2
1643823061294,11.2
1643823062286,11.3
1643823063293,11.2
1643823064295,11.3
1643823065286,11.2
1643823066294,11.2
1643823067286,11.2
1643823068293,11.2
1643823069284,11.2
1643823070292,11.2
1643823071283,11.3
1643823072291,11.4
1643823073293,11.4
1643823074284,11.5
1643823075292,11.4
1643823076283,11.4
1643823077290,11.4
1643823078282,11.4
1643823079287,11.4
1643823080291,11.4
1643823081282,11.4
1643823082290,11.3
1643823083282,11.5
1643823084289,11.5
1643823085281,11.6
1643823086288,11.6
1643823087279,11.6
1643823088285,11.6
1643823089290,11.5
1643823090281,11.5
1643823091288,11.4
1643823092280,11.4
1643823093287,11.4
1643823094279,11.4
1643823095286,11.4
1643823096277,11.3
1643823097285,11.3
1643823098277,11.3
1643823099284,11.3
1643823100286,11.3
1643823101278,11.2
1643823102284,11.3
1643823103286,11.2
1643823104277,11.3
1643823105285,11.2
1643823106276,11.2
1643823107277,11.3
1643823108277,11.4
1643823109279,11.4
1643823110280,11.4
1643823111271,11.4
1643823112279,11.4
1643823113270,11.4
1643823114279,11.5
1643823115270,11.5
1643823116277,11.6
1643823117269,11.7
1643823118274,11.7
1643823119273,11.8
1643823120275,11.8
1643823121266,11.9
1643823122272,11.9
1643823123277,11.9
1643823124269,11.9
1643823125276,12.0
1643823126268,12.0
1643823127275,12.0
1643823128266,12.0
1643823129273,12.0
1643823130266,12.0
1643823131273,12.0
1643823132264,12.1
1643823133271,12.0
1643823134263,12.0
1643823135268,12.1
1643823136272,12.0
1643823137264,12.1
1643823138271,12.1
1643823139264,12.1
1643823140269,12.1
1643823141262,12.1
1643823142267,12.1
1643823143271,12.1
1643823144263,12.1
1643823145271,12.1
1643823146262,12.1
1643823147270,12.1
1643823148261,12.1
1643823149268,12.1
1643823150260,12.1
1643823151267,12.1
1643823152259,12.1
1643823153266,12.1
1643823154258,12.1
1643823155263,12.1
1643823156267,12.1
1643823157259,12.1
1643823158267,12.2
1643823159258,12.1
1643823160265,12.1
1643823161256,12.1
1643823162264,12.1
1643823163256,12.1
1643823164263,12.1
1643823165266,12.1
1643823166257,12.1
1643823167264,12.1
1643823168266,12.1
1643823169258,12.1
1643823170264,12.1
1643823171265,12.1
1643823172266,12.1
1643823173258,12.1
1643823174264,12.1
1643823175266,12.1
1643823176257,12.1
1643823177264,12.1
1643823178265,12.1
1643823179257,12.1
1643823180259,12.1
1643823181262,12.1
1643823182253,12.1
1643823183259,12.1
1643823184264,12.2
1643823185255,12.1
1643823186263,12.1
1643823187255,12.1
1643823188260,12.1
1643823189264,12.1
1643823190255,12.1
1643823191262,12.1
1643823192265,12.1
1643823193256,12.2
1643823194263,12.1
1643823195255,12.1
1643823196262,12.1
1643823197254,12.1
1643823198261,12.1
1643823199264,12.1
1643823200256,12.2
1643823201262,12.1
1643823202254,12.1
1643823203259,12.1
1643823204264,12.1
1643823205255,12.1
1643823206263,12.1
1643823207254,12.2
1643823208259,12.1
1643823209263,12.1
1643823210255,12.1
1643823211262,12.1
1643823212253,12.1
1643823213259,12.1
1643823214263,12.2
1643823215255,12.1
1643823216262,12.1
1643823217252,12.1
1643823218258,12.1
1643823219263,12.2
1643823220254,12.1
1643823221262,12.2
1643823222253,12.1
1643823223261,12.1
1643823224252,12.1
1643823225259,12.1
1643823226262,12.1
1643823227253,12.1
1643823228259,12.2
1643823229251,12.1
1643823230257,12.1
1643823231249,12.2
1643823232255,12.1
1643823233260,12.2
1643823234251,12.1
1643823235258,12.2
1643823236249,12.1
1643823237254,12.2
1643823238254,12.1
1643823239256,12.1
1643823240248,12.2
1643823241253,12.1
1643823242255,12.2
1643823243256,12.1
1643823244259,12.1
1643823245250,12.1
1643823246255,12.1
1643823247257,12.2
1643823248259,12.1
1643823249250,12.1
1643823250255,12.2
1643823251246,12.1
1643823252254,12.1
1643823253256,12.1
1643823254248,12.2
1643823255255,12.1
1643823256247,12.1
1643823257254,12.1
1643823258258,12.1
1643823259249,12.2
1643823260257,12.1
1643823261248,12.2
1643823262255,12.1
1643823263246,12.2
1643823264253,12.1
1643823265256,12.4
1643823266248,12.1
1643823267255,11.8
1643823268247,11.5
1643823269255,11.1
1643823270257,10.9
1643823271249,10.7
1643823272255,10.5
1643823273246,10.4
1643823274251,10.1
1643823275256,10.1
1643823276247,9.9
1643823277251,9.8
1643823278254,9.8
1643823279256,9.7
1643823280247,9.6
1643823281254,9.5
1643823282256,9.5
334