1644356729793,9.9
1644356730797,9.9
1644356731788,9.8
1644356732793,9.8
1644356733796,9.8
1644356734788,10.2
1644356735793,10.4
1644356736792,10.6
1644356737793,10.9
1644356738793,11.1
1644356739793,11.3
1644356740794,11.5
1644356741794,11.7
1644356742797,11.8
1644356743799,11.8
1644356744790,11.8
1644356745795,11.9
1644356746796,11.8
1644356747798,11.8
1644356748800,11.8
1644356749791,11.8
1644356750798,11.8
1644356751800,11.8
1644356752792,11.8
1644356753799,11.8
1644356754791,11.8
1644356755796,11.7
1644356756799,11.8
1644356757791,11.8
1644356758798,11.8
1644356759790,11.8
1644356760796,11.8
1644356761799,11.9
1644356762791,11.8
1644356763796,11.9
1644356764801,11.9
1644356765792,11.9
1644356766799,11.9
1644356767791,11.8
1644356768796,11.9
1644356769800,11.9
1644356770792,11.9
1644356771799,11.8
1644356772801,11.9
1644356773792,11.9
1644356774798,11.9
1644356775801,11.9
1644356776793,11.9
1644356777800,11.9
1644356778792,11.9
1644356779799,11.9
1644356780802,11.9
1644356781794,12.0
1644356782800,12.0
1644356783805,11.9
1644356784796,12.0
1644356785801,11.9
1644356786804,11.9
1644356787795,11.9
1644356788802,11.8
1644356789794,11.9
1644356790801,11.8
1644356791804,11.9
1644356792795,11.9
1644356793802,11.9
1644356794794,11.9
1644356795801,11.9
1644356796793,11.9
1644356797798,11.9
1644356798803,11.9
1644356799795,11.9
1644356800801,11.9
1644356801793,11.8
1644356802800,11.9
1644356803792,11.9
1644356804797,11.8
1644356805798,11.9
1644356806798,11.9
1644356807800,11.9
1644356808801,11.9
1644356809793,11.9
1644356810797,11.9
1644356811797,11.9
1644356812796,11.9
1644356813797,11.9
1644356814803,11.9
1644356815795,11.9
1644356816802,11.8
1644356817794,11.9
1644356818800,11.9
1644356819800,11.9
1644356820804,11.9
1644356821807,11.9
1644356822798,11.9
1644356823803,11.9
1644356824807,11.9
1644356825808,11.9
1644356826810,11.9
1644356827801,11.9
1644356828805,11.9
1644356829810,11.9
1644356830801,11.9
1644356831806,11.9
1644356832811,11.9
1644356833802,12.0
1644356834807,12.0
1644356835812,12.0
1644356836803,12.0
1644356837809,11.9
1644356838813,11.9
1644356839804,11.9
1644356840810,11.9
1644356841813,11.9
1644356842805,12.0
1644356843812,11.9
1644356844804,11.9
1644356845810,12.0
1644356846813,11.9
1644356847805,12.0
1644356848812,12.0
1644356849816,12.0
1644356850807,11.9
1644356851813,11.9
1644356852805,12.0
1644356853811,11.9
1644356854814,12.0
1644356855806,11.9
1644356856813,12.0
1644356857805,12.0
1644356858812,11.9
1644356859815,12.0
1644356860807,11.9
1644356861814,11.9
1644356862816,11.9
1644356863808,11.9
1644356864815,12.0
1644356865807,11.9
1644356866812,12.0
1644356867817,12.0
1644356868808,12.0
1644356869813,12.0
1644356870818,12.0
1644356871809,12.0
1644356872812,12.0
1644356873813,12.0
1644356874813,11.9
1644356875820,12.0
1644356876811,11.9
1644356877818,11.9
1644356878820,12.0
1644356879822,11.9
1644356880813,12.0
1644356881820,11.9
1644356882822,12.0
1644356883813,11.9
1644356884821,11.9
1644356885813,12.0
1644356886820,11.9
1644356887823,12.0
1644356888814,11.9
1644356889820,12.0
1644356890824,11.9
1644356891815,11.9
1644356892822,11.9
1644356893825,11.9
1644356894817,12.0
1644356895824,11.9
1644356896826,11.9
1644356897818,12.0
1644356898825,12.0
1644356899817,12.0
1644356900822,12.0
1644356901827,12.0
1644356902818,11.9
1644356903825,11.9
1644356904827,11.9
1644356905818,11.9
1644356906824,11.9
1644356907828,11.9
1644356908819,12.0
1644356909827,11.9
1644356910830,11.9
1644356911821,11.9
1644356912828,11.9
1644356913829,11.9
1644356914821,11.9
1644356915828,12.0
1644356916830,12.0
1644356917821,12.0
1644356918828,12.0
1644356919820,12.0
1644356920825,12.0
1644356921829,11.9
1644356922820,12.0
1644356923828,11.9
1644356924819,12.1
1644356925827,12.1
1644356926819,12.1
1644356927826,12.2
1644356928829,12.2
1644356929821,12.3
1644356930828,12.3
1644356931820,12.4
1644356932827,12.4
1644356933819,12.4
1644356934826,12.4
1644356935831,12.4
1644356936822,12.4
1644356937829,12.4
1644356938821,12.5
1644356939828,12.5
1644356940820,12.5
1644356941825,12.5
1644356942825,12.5
1644356943826,12.5
1644356944826,12.5
1644356945827,12.5
1644356946829,12.5
1644356947830,12.5
1644356948832,12.6
1644356949823,12.5
1644356950831,12.6
1644356951822,12.5
1644356952830,12.6
1644356953822,12.5
1644356954823,12.5
1644356955828,12.6
1644356956820,12.5
1644356957827,12.6
1644356958819,12.6
1644356959826,12.6
1644356960818,12.6
1644356961825,12.5
1644356962817,12.6
1644356963824,12.6
1644356964826,12.6
1644356965828,12.5
1644356966819,12.6
1644356967827,12.6
1644356968818,12.5
1644356969824,12.6
1644356970829,12.5
1644356971820,12.6
1644356972828,12.6
1644356973819,12.6
1644356974827,12.6
1644356975818,12.5
1644356976825,12.6
1644356977831,12.5
1644356978822,12.6
1644356979830,12.6
1644356980821,12.6
1644356981828,12.6
1644356982832,12.5
1644356983823,12.5
1644356984831,12.6
1644356985823,12.6
1644356986830,12.5
1644356987831,12.6
1644356988833,12.5
1644356989835,12.5
1644356990826,12.6
1644356991834,12.6
1644356992826,12.6
1644356993832,12.6
1644356994837,12.6
1644356995829,12.5
1644356996836,12.6
1644356997827,12.6
1644356998835,12.5
1644356999839,12.6
1644357000830,12.6
1644357001838,12.5
1644357002829,12.6
1644357003837,12.6
1644357004840,12.6
1644357005831,12.6
1644357006839,12.6
1644357007843,12.6
1644357008835,12.6
1644357009839,12.6
1644357010845,12.6
1644357011846,12.6
1644357012848,12.5
1644357013839,12.6
1644357014846,12.6
1644357015847,12.6
1644357016849,12.6
1644357017840,12.6
1644357018847,12.6
1644357019849,12.6
1644357020850,12.6
1644357021842,12.6
1644357022849,12.6
1644357023841,12.6
1644357024848,12.6
1644357025840,12.6
1644357026847,12.6
1644357027852,12.6
1644357028844,12.6
1644357029851,12.6
1644357030843,12.6
1644357031850,12.6
1644357032842,12.6
1644357033850,12.6
1644357034841,12.6
1644357035849,12.6
1644357036850,12.6
1644357037851,12.6
1644357038854,12.6
1644357039845,12.6
1644357040853,12.6
1644357041845,12.6
1644357042852,12.6
1644357043844,12.6
1644357044851,12.6
1644357045855,12.6
1644357046847,12.6
1644357047854,12.6
1644357048846,12.6
1644357049853,12.6
1644357050857,12.6
1644357051849,12.6
1644357052856,12.6
1644357053848,12.6
1644357054855,12.6
1644357055859,12.6
1644357056851,12.6
1644357057858,12.6
1644357058850,12.6
1644357059857,12.6
1644357060862,12.6
1644357061853,12.6
1644357062860,12.6
1644357063852,12.6
1644357064859,12.6
1644357065865,12.6
1644357066856,12.6
1644357067863,12.7
1644357068866,12.6
1644357069858,12.7
1644357070865,12.6
1644357071857,12.6
1644357072864,12.6
1644357073869,12.6
1644357074861,12.7
1644357075868,12.6
1644357076860,12.7
1644357077867,12.6
1644357078870,12.6
1644357079871,12.7
1644357080872,12.6
1644357081864,12.7
1644357082868,12.6
1644357083869,12.6
1644357084872,12.6
1644357085874,12.6
1644357086875,12.6
1644357087866,12.6
1644357088874,12.7
1644357089876,12.6
1644357090867,12.7
1644357091874,12.6
1644357092866,12.6
1644357093874,12.6
1644357094875,12.6
1644357095877,12.7
1644357096868,12.6
1644357097875,12.7
1644357098867,12.6
1644357099874,12.6
1644357100866,12.7
1644357101873,12.6
1644357102879,12.7
1644357103870,12.6
1644357104877,12.7
1644357105869,12.6
1644357106877,12.6
1644357107878,12.7
1644357108880,12.6
1644357109871,12.7
1644357110879,12.6
1644357111870,12.7
1644357112877,12.6
1644357113881,12.6
1644357114872,12.7
1644357115880,12.6
1644357116871,12.7
1644357117879,12.6
1644357118881,12.6
1644357119882,12.6
1644357120884,12.6
1644357121876,12.7
1644357122883,12.6
1644357123875,12.7
1644357124882,12.6
1644357125884,12.7
1644357126886,12.7
1644357127877,12.6
1644357128884,12.7
1644357129876,12.6
1644357130883,12.7
1644357131888,12.6
1644357132879,12.7
1644357133886,12.7
1644357134878,12.6
1644357135886,12.7
1644357136887,12.6
1644357137889,12.7
1644357138881,12.6
1644357139888,12.7
1644357140879,12.7
1644357141885,12.6
1644357142891,12.7
1644357143882,12.6
1644357144889,12.7
1644357145881,12.6
1644357146889,12.7
1644357147880,12.7
1644357148885,12.7
1644357149885,12.7
1644357150887,12.7
1644357151888,12.8
1644357152888,12.4
1644357153889,12.1
1644357154890,11.8
1644357155882,11.6
1644357156887,11.4
1644357157894,11.2
1644357158896,11.1
1644357159887,10.9
409